DataSetInfo              : [STHct_j4b2_01] : Added class "Signal"
                         : Add Tree tmva_tree of type Signal with 542732 events
DataSetInfo              : [STHct_j4b2_01] : Added class "Background"
                         : Add Tree tmva_tree of type Background with 22434 events
                         : Add Tree tmva_tree of type Background with 15996 events
                         : Add Tree tmva_tree of type Background with 101634 events
                         : Add Tree tmva_tree of type Background with 103544 events
                         : Add Tree tmva_tree of type Background with 69321 events
                         : Add Tree tmva_tree of type Background with 182090 events
                         : Add Tree tmva_tree of type Background with 79451 events
                         : Add Tree tmva_tree of type Background with 2796376 events
                         : Add Tree tmva_tree of type Background with 5085960 events
Factory                  : Booking method: BDT
                         : 
DataSetFactory           : [STHct_j4b2_01] : Number of events in input trees
                         : Dataset[STHct_j4b2_01] :     Signal     requirement: "nevt %3!=0 && njets==4 && nbjets_m==2"
                         : Dataset[STHct_j4b2_01] :     Signal          -- number of events passed: 64067  / sum of weights: 372.08
                         : Dataset[STHct_j4b2_01] :     Signal          -- efficiency             : 0.125532
                         : Dataset[STHct_j4b2_01] :     Background requirement: "nevt %3!=0 && njets==4 && nbjets_m==2"
                         : Dataset[STHct_j4b2_01] :     Background      -- number of events passed: 1947363  / sum of weights: 238673
                         : Dataset[STHct_j4b2_01] :     Background      -- efficiency             : 0.229681
                         : Dataset[STHct_j4b2_01] :  you have opted for interpreting the requested number of training/testing events
                         :  to be the number of events AFTER your preselection cuts
                         : 
                         : Dataset[STHct_j4b2_01] :  you have opted for interpreting the requested number of training/testing events
                         :  to be the number of events AFTER your preselection cuts
                         : 
                         : Number of training and testing events
                         : ---------------------------------------------------------------------------
                         : Signal     -- training events            : 48000
                         : Signal     -- testing events             : 16067
                         : Signal     -- training and testing events: 64067
                         : Dataset[STHct_j4b2_01] : Signal     -- due to the preselection a scaling factor has been applied to the numbers of requested events: 0.118045
                         : Background -- training events            : 120000
                         : Background -- testing events             : 1827363
                         : Background -- training and testing events: 1947363
                         : Dataset[STHct_j4b2_01] : Background -- due to the preselection a scaling factor has been applied to the numbers of requested events: 0.230272
                         : 
DataSetInfo              : Correlation matrix (Signal):
                         : ---------------------------------------------------------------------------------------------------------------------------------------------------------------------------------
                         :             lepWpt lepWdphi   lepWm  jet0pt jet0eta   jet0m  jet1pt jet1eta   jet1m  jet2pt jet2eta   jet2m jet12pt jet12eta jet12deta jet12dphi  jet12m jet12DR lepTdphi   lepTm
                         :    lepWpt:  +1.000   +0.005  +0.127  +0.046  -0.004  +0.036  +0.257  +0.001  +0.222  +0.190  -0.001  +0.162  +0.352   +0.002    +0.003    +0.000  +0.091  -0.115   -0.017  +0.395
                         :  lepWdphi:  +0.005   +1.000  -0.000  -0.005  +0.015  -0.000  +0.010  -0.001  +0.008  +0.003  +0.005  +0.002  +0.001   +0.001    -0.006    +0.010  +0.011  +0.003   -0.070  +0.005
                         :     lepWm:  +0.127   -0.000  +1.000  +0.064  +0.001  +0.061  +0.060  +0.001  +0.058  +0.061  -0.004  +0.055  +0.079   -0.003    +0.000    +0.002  +0.038  -0.014   +0.006  +0.565
                         :    jet0pt:  +0.046   -0.005  +0.064  +1.000  +0.001  +0.826  +0.207  +0.001  +0.158  +0.161  +0.002  +0.124  +0.350   -0.003    +0.002    -0.002  +0.024  -0.182   -0.022  +0.454
                         :   jet0eta:  -0.004   +0.015  +0.001  +0.001  +1.000  -0.006  -0.006  +0.235  -0.007  -0.001  +0.222  -0.001  +0.003   +0.270    +0.023    +0.007  -0.009  -0.010   +0.002  -0.007
                         :     jet0m:  +0.036   -0.000  +0.061  +0.826  -0.006  +1.000  +0.161  -0.002  +0.137  +0.124  +0.006  +0.110  +0.285   -0.001    -0.004    +0.001  +0.010  -0.156   -0.019  +0.394
                         :    jet1pt:  +0.257   +0.010  +0.060  +0.207  -0.006  +0.161  +1.000  -0.000  +0.836  +0.178  -0.002  +0.136  +0.517   +0.001    +0.000    -0.002  +0.540  +0.025   -0.004  +0.140
                         :   jet1eta:  +0.001   -0.001  +0.001  +0.001  +0.235  -0.002  -0.000  +1.000  -0.007  +0.005  +0.348  -0.001  +0.004   +0.767    +0.532    +0.003  +0.002  -0.004   -0.003  -0.004
                         :     jet1m:  +0.222   +0.008  +0.058  +0.158  -0.007  +0.137  +0.836  -0.007  +1.000  +0.140  -0.001  +0.124  +0.425   -0.004    -0.006    -0.004  +0.463  +0.028   -0.008  +0.120
                         :    jet2pt:  +0.190   +0.003  +0.061  +0.161  -0.001  +0.124  +0.178  +0.005  +0.140  +1.000  +0.001  +0.827  +0.428   +0.004    -0.001    +0.001  +0.527  +0.036   -0.004  +0.110
                         :   jet2eta:  -0.001   +0.005  -0.004  +0.002  +0.222  +0.006  -0.002  +0.348  -0.001  +0.001  +1.000  -0.005  +0.000   +0.732    -0.447    +0.002  -0.006  -0.005   -0.009  +0.000
                         :     jet2m:  +0.162   +0.002  +0.055  +0.124  -0.001  +0.110  +0.136  -0.001  +0.124  +0.827  -0.005  +1.000  +0.350   -0.001    +0.001    -0.004  +0.441  +0.032   -0.006  +0.092
                         :   jet12pt:  +0.352   +0.001  +0.079  +0.350  +0.003  +0.285  +0.517  +0.004  +0.425  +0.428  +0.000  +0.350  +1.000   +0.002    +0.005    -0.000  +0.064  -0.561   +0.001  +0.115
                         :  jet12eta:  +0.002   +0.001  -0.003  -0.003  +0.270  -0.001  +0.001  +0.767  -0.004  +0.004  +0.732  -0.001  +0.002   +1.000    +0.069    +0.003  -0.001  -0.005   -0.004  -0.005
                         : jet12deta:  +0.003   -0.006  +0.000  +0.002  +0.023  -0.004  +0.000  +0.532  -0.006  -0.001  -0.447  +0.001  +0.005   +0.069    +1.000    -0.001  +0.001  -0.002   +0.005  -0.005
                         : jet12dphi:  +0.000   +0.010  +0.002  -0.002  +0.007  +0.001  -0.002  +0.003  -0.004  +0.001  +0.002  -0.004  -0.000   +0.003    -0.001    +1.000  -0.003  +0.000   +0.011  -0.000
                         :    jet12m:  +0.091   +0.011  +0.038  +0.024  -0.009  +0.010  +0.540  +0.002  +0.463  +0.527  -0.006  +0.441  +0.064   -0.001    +0.001    -0.003  +1.000  +0.607   -0.010  +0.129
                         :   jet12DR:  -0.115   +0.003  -0.014  -0.182  -0.010  -0.156  +0.025  -0.004  +0.028  +0.036  -0.005  +0.032  -0.561   -0.005    -0.002    +0.000  +0.607  +1.000   -0.010  +0.031
                         :  lepTdphi:  -0.017   -0.070  +0.006  -0.022  +0.002  -0.019  -0.004  -0.003  -0.008  -0.004  -0.009  -0.006  +0.001   -0.004    +0.005    +0.011  -0.010  -0.010   +1.000  -0.031
                         :     lepTm:  +0.395   +0.005  +0.565  +0.454  -0.007  +0.394  +0.140  -0.004  +0.120  +0.110  +0.000  +0.092  +0.115   -0.005    -0.005    -0.000  +0.129  +0.031   -0.031  +1.000
                         : ---------------------------------------------------------------------------------------------------------------------------------------------------------------------------------
DataSetInfo              : Correlation matrix (Background):
                         : ---------------------------------------------------------------------------------------------------------------------------------------------------------------------------------
                         :             lepWpt lepWdphi   lepWm  jet0pt jet0eta   jet0m  jet1pt jet1eta   jet1m  jet2pt jet2eta   jet2m jet12pt jet12eta jet12deta jet12dphi  jet12m jet12DR lepTdphi   lepTm
                         :    lepWpt:  +1.000   +0.002  +0.181  +0.143  +0.007  +0.128  +0.191  +0.003  +0.166  +0.139  +0.007  +0.115  +0.196   +0.005    -0.002    +0.000  +0.123  +0.023   -0.026  +0.523
                         :  lepWdphi:  +0.002   +1.000  -0.007  -0.001  +0.007  -0.004  -0.000  +0.001  -0.000  -0.000  -0.003  +0.000  +0.002   -0.001    +0.002    +0.008  +0.000  -0.002   -0.057  -0.003
                         :     lepWm:  +0.181   -0.007  +1.000  +0.108  +0.007  +0.103  +0.070  +0.002  +0.068  +0.059  +0.000  +0.056  +0.069   +0.001    +0.000    +0.001  +0.064  +0.022   -0.003  +0.539
                         :    jet0pt:  +0.143   -0.001  +0.108  +1.000  +0.008  +0.829  +0.129  +0.005  +0.116  +0.101  -0.004  +0.082  +0.247   +0.001    +0.006    -0.003  +0.036  -0.094   -0.032  +0.580
                         :   jet0eta:  +0.007   +0.007  +0.007  +0.008  +1.000  -0.004  +0.006  +0.351  +0.003  -0.003  +0.317  -0.006  +0.004   +0.403    +0.041    +0.004  +0.001  -0.002   +0.010  +0.008
                         :     jet0m:  +0.128   -0.004  +0.103  +0.829  -0.004  +1.000  +0.101  +0.002  +0.103  +0.089  -0.004  +0.091  +0.207   -0.002    +0.004    -0.002  +0.030  -0.080   -0.025  +0.495
                         :    jet1pt:  +0.191   -0.000  +0.070  +0.129  +0.006  +0.101  +1.000  +0.004  +0.837  +0.226  +0.001  +0.175  +0.439   +0.001    +0.002    -0.002  +0.608  +0.168   -0.004  +0.135
                         :   jet1eta:  +0.003   +0.001  +0.002  +0.005  +0.351  +0.002  +0.004  +1.000  -0.002  +0.001  +0.217  -0.001  +0.003   +0.724    +0.586    +0.000  +0.002  +0.000   +0.002  +0.003
                         :     jet1m:  +0.166   -0.000  +0.068  +0.116  +0.003  +0.103  +0.837  -0.002  +1.000  +0.169  -0.001  +0.147  +0.393   -0.003    -0.001    -0.007  +0.499  +0.134   -0.006  +0.116
                         :    jet2pt:  +0.139   -0.000  +0.059  +0.101  -0.003  +0.089  +0.226  +0.001  +0.169  +1.000  -0.004  +0.816  +0.326   -0.002    +0.003    -0.003  +0.589  +0.178   -0.009  +0.107
                         :   jet2eta:  +0.007   -0.003  +0.000  -0.004  +0.317  -0.004  +0.001  +0.217  -0.001  -0.004  +1.000  -0.011  -0.002   +0.687    -0.523    +0.003  -0.003  +0.001   +0.001  +0.002
                         :     jet2m:  +0.115   +0.000  +0.056  +0.082  -0.006  +0.091  +0.175  -0.001  +0.147  +0.816  -0.011  +1.000  +0.276   -0.007    +0.008    -0.002  +0.482  +0.140   -0.006  +0.082
                         :   jet12pt:  +0.196   +0.002  +0.069  +0.247  +0.004  +0.207  +0.439  +0.003  +0.393  +0.326  -0.002  +0.276  +1.000   +0.000    +0.003    +0.000  +0.125  -0.445   -0.005  +0.124
                         :  jet12eta:  +0.005   -0.001  +0.001  +0.001  +0.403  -0.002  +0.001  +0.724  -0.003  -0.002  +0.687  -0.007  +0.000   +1.000    +0.062    +0.003  -0.002  +0.001   +0.008  +0.003
                         : jet12deta:  -0.002   +0.002  +0.000  +0.006  +0.041  +0.004  +0.002  +0.586  -0.001  +0.003  -0.523  +0.008  +0.003   +0.062    +1.000    -0.002  +0.002  -0.002   +0.004  -0.001
                         : jet12dphi:  +0.000   +0.008  +0.001  -0.003  +0.004  -0.002  -0.002  +0.000  -0.007  -0.003  +0.003  -0.002  +0.000   +0.003    -0.002    +1.000  -0.001  -0.004   +0.033  -0.002
                         :    jet12m:  +0.123   +0.000  +0.064  +0.036  +0.001  +0.030  +0.608  +0.002  +0.499  +0.589  -0.003  +0.482  +0.125   -0.002    +0.002    -0.001  +1.000  +0.655   -0.012  +0.134
                         :   jet12DR:  +0.023   -0.002  +0.022  -0.094  -0.002  -0.080  +0.168  +0.000  +0.134  +0.178  +0.001  +0.140  -0.445   +0.001    -0.002    -0.004  +0.655  +1.000   -0.013  +0.066
                         :  lepTdphi:  -0.026   -0.057  -0.003  -0.032  +0.010  -0.025  -0.004  +0.002  -0.006  -0.009  +0.001  -0.006  -0.005   +0.008    +0.004    +0.033  -0.012  -0.013   +1.000  -0.041
                         :     lepTm:  +0.523   -0.003  +0.539  +0.580  +0.008  +0.495  +0.135  +0.003  +0.116  +0.107  +0.002  +0.082  +0.124   +0.003    -0.001    -0.002  +0.134  +0.066   -0.041  +1.000
                         : ---------------------------------------------------------------------------------------------------------------------------------------------------------------------------------
DataSetFactory           : [STHct_j4b2_01] :  
                         : 
Factory                  : Train all methods
Factory                  : [STHct_j4b2_01] : Create Transformation "I" with events from all classes.
                         : 
                         : Transformation, Variable selection : 
                         : Input : variable 'lepWpt' <---> Output : variable 'lepWpt'
                         : Input : variable 'lepWdphi' <---> Output : variable 'lepWdphi'
                         : Input : variable 'lepWm' <---> Output : variable 'lepWm'
                         : Input : variable 'jet0pt' <---> Output : variable 'jet0pt'
                         : Input : variable 'jet0eta' <---> Output : variable 'jet0eta'
                         : Input : variable 'jet0m' <---> Output : variable 'jet0m'
                         : Input : variable 'jet1pt' <---> Output : variable 'jet1pt'
                         : Input : variable 'jet1eta' <---> Output : variable 'jet1eta'
                         : Input : variable 'jet1m' <---> Output : variable 'jet1m'
                         : Input : variable 'jet2pt' <---> Output : variable 'jet2pt'
                         : Input : variable 'jet2eta' <---> Output : variable 'jet2eta'
                         : Input : variable 'jet2m' <---> Output : variable 'jet2m'
                         : Input : variable 'jet12pt' <---> Output : variable 'jet12pt'
                         : Input : variable 'jet12eta' <---> Output : variable 'jet12eta'
                         : Input : variable 'jet12deta' <---> Output : variable 'jet12deta'
                         : Input : variable 'jet12dphi' <---> Output : variable 'jet12dphi'
                         : Input : variable 'jet12m' <---> Output : variable 'jet12m'
                         : Input : variable 'jet12DR' <---> Output : variable 'jet12DR'
                         : Input : variable 'lepTdphi' <---> Output : variable 'lepTdphi'
                         : Input : variable 'lepTm' <---> Output : variable 'lepTm'
TFHandler_Factory        :  Variable         Mean         RMS   [        Min         Max ]
                         : ----------------------------------------------------------------
                         :    lepWpt:     104.86     65.465   [    0.12588     861.64 ]
                         :  lepWdphi: -0.0058264     1.6705   [    -3.1416     3.1416 ]
                         :     lepWm:     94.105     47.030   [    0.42008     595.16 ]
                         :    jet0pt:     64.650     39.078   [     30.000     963.10 ]
                         :   jet0eta:  -0.015974     1.0814   [    -2.4000     2.3997 ]
                         :     jet0m:     9.8943     4.8587   [     1.0170     110.78 ]
                         :    jet1pt:     82.043     51.716   [     30.000     977.90 ]
                         :   jet1eta: -0.0039627     1.0925   [    -2.3999     2.4000 ]
                         :     jet1m:     11.846     6.3566   [     1.7803     179.89 ]
                         :    jet2pt:     80.309     45.725   [     30.000     775.07 ]
                         :   jet2eta: -0.0049295     1.0305   [    -2.3999     2.3996 ]
                         :     jet2m:     11.350     5.0704   [     2.0666     154.99 ]
                         :   jet12pt:     91.931     56.690   [   0.099490     873.86 ]
                         :  jet12eta: -0.0070590     1.5151   [    -6.4872     8.3550 ]
                         : jet12deta:  0.0017868     1.0826   [    -6.0367     5.9340 ]
                         : jet12dphi:  -0.010029     2.1010   [    -3.1416     3.1416 ]
                         :    jet12m:     162.92     100.31   [     16.626     1786.2 ]
                         :   jet12DR:     2.3304    0.81554   [    0.39740     5.5509 ]
                         :  lepTdphi:  -0.052834     2.0173   [    -3.1416     3.1416 ]
                         :     lepTm:     202.06     93.442   [     27.669     2237.0 ]
                         : ----------------------------------------------------------------
                         : Ranking input variables (method unspecific)...
IdTransformation         : Ranking result (top variable is best ranked)
                         : ----------------------------------
                         : Rank : Variable  : Separation
                         : ----------------------------------
                         :    1 : jet12m    : 2.487e-02
                         :    2 : jet12pt   : 1.736e-02
                         :    3 : lepTdphi  : 1.510e-02
                         :    4 : jet0m     : 1.502e-02
                         :    5 : jet12DR   : 9.538e-03
                         :    6 : jet0pt    : 6.142e-03
                         :    7 : jet12dphi : 3.897e-03
                         :    8 : jet0eta   : 2.132e-03
                         :    9 : jet1pt    : 1.938e-03
                         :   10 : lepWdphi  : 1.892e-03
                         :   11 : jet2pt    : 1.890e-03
                         :   12 : lepTm     : 1.879e-03
                         :   13 : lepWpt    : 1.399e-03
                         :   14 : jet1m     : 1.238e-03
                         :   15 : lepWm     : 1.021e-03
                         :   16 : jet2m     : 9.729e-04
                         :   17 : jet12eta  : 8.345e-04
                         :   18 : jet12deta : 6.209e-04
                         :   19 : jet2eta   : 2.672e-04
                         :   20 : jet1eta   : 2.668e-04
                         : ----------------------------------
Factory                  : Train method: BDT for Classification
                         : 
<WARNING>                : Events with negative event weights are USED during the BDT training. This might cause problems with small node sizes or with the boosting. Please remove negative events from training using the option *IgnoreEventsWithNegWeightsInTraining* in case you observe problems with the boosting
BDT                      : #events: (reweighted) sig: 84000 bkg: 84000
                         : #events: (unweighted) sig: 48000 bkg: 120000
                         : Training 800 Decision Trees ... patience please
^Z                       : [>..............] (6%, time left: 173 sec) ...] (6%, time left: 173 sec) 
[2]+  Stopped                 python training_Hct.py
(python27)[minerva1993@compute-0-2 v1]$ !ki
kill -9 %1

[1]-  Stopped                 python training_Hct.py
(python27)[minerva1993@compute-0-2 v1]$ 
[1]-  Killed                  python training_Hct.py
(python27)[minerva1993@compute-0-2 v1]$ 
(python27)[minerva1993@compute-0-2 v1]$ vi training_Hct.py 
(python27)[minerva1993@compute-0-2 v1]$ vi training_Hct.py 
(python27)[minerva1993@compute-0-2 v1]$ !py
python training_Hct.py 
TUnixSystem::SetDisplay:0: RuntimeWarning: DISPLAY not set, setting it to htop.local:0.0
DataSetInfo              : [STHct_j4b2_01] : Added class "Signal"
                         : Add Tree tmva_tree of type Signal with 542732 events
DataSetInfo              : [STHct_j4b2_01] : Added class "Background"
                         : Add Tree tmva_tree of type Background with 22434 events
                         : Add Tree tmva_tree of type Background with 15996 events
                         : Add Tree tmva_tree of type Background with 101634 events
                         : Add Tree tmva_tree of type Background with 103544 events
                         : Add Tree tmva_tree of type Background with 69321 events
                         : Add Tree tmva_tree of type Background with 182090 events
                         : Add Tree tmva_tree of type Background with 79451 events
                         : Add Tree tmva_tree of type Background with 2796376 events
                         : Add Tree tmva_tree of type Background with 5085960 events
Factory                  : Booking method: BDT
                         : 
DataSetFactory           : [STHct_j4b2_01] : Number of events in input trees
                         : Dataset[STHct_j4b2_01] :     Signal     requirement: "nevt %3!=0 && njets==4 && nbjets_m==2"
                         : Dataset[STHct_j4b2_01] :     Signal          -- number of events passed: 64067  / sum of weights: 372.08
                         : Dataset[STHct_j4b2_01] :     Signal          -- efficiency             : 0.125532
                         : Dataset[STHct_j4b2_01] :     Background requirement: "nevt %3!=0 && njets==4 && nbjets_m==2"
                         : Dataset[STHct_j4b2_01] :     Background      -- number of events passed: 1947363  / sum of weights: 238673
                         : Dataset[STHct_j4b2_01] :     Background      -- efficiency             : 0.229681
                         : Dataset[STHct_j4b2_01] :  you have opted for interpreting the requested number of training/testing events
                         :  to be the number of events AFTER your preselection cuts
                         : 
                         : Dataset[STHct_j4b2_01] :  you have opted for interpreting the requested number of training/testing events
                         :  to be the number of events AFTER your preselection cuts
                         : 
                         : Number of training and testing events
                         : ---------------------------------------------------------------------------
                         : Signal     -- training events            : 43000
                         : Signal     -- testing events             : 21067
                         : Signal     -- training and testing events: 64067
                         : Dataset[STHct_j4b2_01] : Signal     -- due to the preselection a scaling factor has been applied to the numbers of requested events: 0.118045
                         : Background -- training events            : 100000
                         : Background -- testing events             : 100000
                         : Background -- training and testing events: 200000
                         : Dataset[STHct_j4b2_01] : Background -- due to the preselection a scaling factor has been applied to the numbers of requested events: 0.230272
                         : 
DataSetInfo              : Correlation matrix (Signal):
                         : ---------------------------------------------------------------------------------------------------------------------------------------------------------------------------------
                         :             lepWpt lepWdphi   lepWm  jet0pt jet0eta   jet0m  jet1pt jet1eta   jet1m  jet2pt jet2eta   jet2m jet12pt jet12eta jet12deta jet12dphi  jet12m jet12DR lepTdphi   lepTm
                         :    lepWpt:  +1.000   +0.003  +0.127  +0.044  -0.004  +0.033  +0.255  +0.001  +0.220  +0.193  -0.000  +0.165  +0.350   +0.002    +0.003    -0.001  +0.094  -0.112   -0.016  +0.394
                         :  lepWdphi:  +0.003   +1.000  -0.001  -0.007  +0.016  -0.003  +0.009  +0.002  +0.010  +0.001  +0.006  +0.001  +0.001   +0.004    -0.006    +0.008  +0.009  +0.002   -0.068  +0.004
                         :     lepWm:  +0.127   -0.001  +1.000  +0.062  +0.002  +0.060  +0.059  +0.002  +0.058  +0.057  -0.004  +0.052  +0.078   -0.002    +0.000    +0.001  +0.035  -0.015   +0.005  +0.561
                         :    jet0pt:  +0.044   -0.007  +0.062  +1.000  -0.001  +0.828  +0.210  -0.000  +0.161  +0.164  -0.001  +0.126  +0.353   -0.005    +0.001    -0.002  +0.026  -0.183   -0.023  +0.453
                         :   jet0eta:  -0.004   +0.016  +0.002  -0.001  +1.000  -0.007  -0.008  +0.234  -0.008  -0.000  +0.224  -0.001  +0.004   +0.271    +0.021    +0.006  -0.009  -0.011   +0.002  -0.009
                         :     jet0m:  +0.033   -0.003  +0.060  +0.828  -0.007  +1.000  +0.163  -0.002  +0.138  +0.127  +0.005  +0.111  +0.287   -0.002    -0.006    +0.002  +0.013  -0.157   -0.019  +0.395
                         :    jet1pt:  +0.255   +0.009  +0.059  +0.210  -0.008  +0.163  +1.000  -0.001  +0.837  +0.176  -0.005  +0.135  +0.517   -0.002    +0.002    -0.005  +0.539  +0.025   -0.005  +0.141
                         :   jet1eta:  +0.001   +0.002  +0.002  -0.000  +0.234  -0.002  -0.001  +1.000  -0.007  +0.005  +0.346  -0.001  +0.004   +0.766    +0.533    +0.003  +0.002  -0.002   -0.005  -0.006
                         :     jet1m:  +0.220   +0.010  +0.058  +0.161  -0.008  +0.138  +0.837  -0.007  +1.000  +0.140  -0.005  +0.123  +0.426   -0.006    -0.003    -0.005  +0.463  +0.028   -0.008  +0.119
                         :    jet2pt:  +0.193   +0.001  +0.057  +0.164  -0.000  +0.127  +0.176  +0.005  +0.140  +1.000  -0.001  +0.827  +0.430   +0.003    +0.000    -0.001  +0.525  +0.033   -0.006  +0.109
                         :   jet2eta:  -0.000   +0.006  -0.004  -0.001  +0.224  +0.005  -0.005  +0.346  -0.005  -0.001  +1.000  -0.006  -0.003   +0.732    -0.448    -0.000  -0.008  -0.003   -0.010  -0.000
                         :     jet2m:  +0.165   +0.001  +0.052  +0.126  -0.001  +0.111  +0.135  -0.001  +0.123  +0.827  -0.006  +1.000  +0.353   -0.003    +0.001    -0.005  +0.438  +0.030   -0.008  +0.091
                         :   jet12pt:  +0.350   +0.001  +0.078  +0.353  +0.004  +0.287  +0.517  +0.004  +0.426  +0.430  -0.003  +0.353  +1.000   -0.001    +0.006    +0.001  +0.065  -0.560   +0.000  +0.116
                         :  jet12eta:  +0.002   +0.004  -0.002  -0.005  +0.271  -0.002  -0.002  +0.766  -0.006  +0.003  +0.732  -0.003  -0.001   +1.000    +0.068    +0.002  -0.004  -0.004   -0.005  -0.006
                         : jet12deta:  +0.003   -0.006  +0.000  +0.001  +0.021  -0.006  +0.002  +0.533  -0.003  +0.000  -0.448  +0.001  +0.006   +0.068    +1.000    -0.001  +0.003  -0.002   +0.006  -0.007
                         : jet12dphi:  -0.001   +0.008  +0.001  -0.002  +0.006  +0.002  -0.005  +0.003  -0.005  -0.001  -0.000  -0.005  +0.001   +0.002    -0.001    +1.000  -0.006  -0.002   +0.012  -0.003
                         :    jet12m:  +0.094   +0.009  +0.035  +0.026  -0.009  +0.013  +0.539  +0.002  +0.463  +0.525  -0.008  +0.438  +0.065   -0.004    +0.003    -0.006  +1.000  +0.607   -0.011  +0.129
                         :   jet12DR:  -0.112   +0.002  -0.015  -0.183  -0.011  -0.157  +0.025  -0.002  +0.028  +0.033  -0.003  +0.030  -0.560   -0.004    -0.002    -0.002  +0.607  +1.000   -0.010  +0.033
                         :  lepTdphi:  -0.016   -0.068  +0.005  -0.023  +0.002  -0.019  -0.005  -0.005  -0.008  -0.006  -0.010  -0.008  +0.000   -0.005    +0.006    +0.012  -0.011  -0.010   +1.000  -0.032
                         :     lepTm:  +0.394   +0.004  +0.561  +0.453  -0.009  +0.395  +0.141  -0.006  +0.119  +0.109  -0.000  +0.091  +0.116   -0.006    -0.007    -0.003  +0.129  +0.033   -0.032  +1.000
                         : ---------------------------------------------------------------------------------------------------------------------------------------------------------------------------------
DataSetInfo              : Correlation matrix (Background):
                         : ---------------------------------------------------------------------------------------------------------------------------------------------------------------------------------
                         :             lepWpt lepWdphi   lepWm  jet0pt jet0eta   jet0m  jet1pt jet1eta   jet1m  jet2pt jet2eta   jet2m jet12pt jet12eta jet12deta jet12dphi  jet12m jet12DR lepTdphi   lepTm
                         :    lepWpt:  +1.000   -0.000  +0.174  +0.142  +0.001  +0.132  +0.190  -0.001  +0.167  +0.125  -0.005  +0.105  +0.195   -0.005    +0.001    -0.001  +0.115  +0.017   -0.031  +0.516
                         :  lepWdphi:  -0.000   +1.000  +0.004  -0.008  +0.009  -0.008  -0.002  +0.008  +0.000  +0.000  +0.002  -0.001  -0.002   +0.007    +0.004    +0.004  +0.003  +0.001   -0.059  +0.002
                         :     lepWm:  +0.174   +0.004  +1.000  +0.100  +0.001  +0.100  +0.071  +0.004  +0.063  +0.052  +0.001  +0.053  +0.061   +0.007    +0.003    +0.000  +0.066  +0.026   -0.003  +0.531
                         :    jet0pt:  +0.142   -0.008  +0.100  +1.000  -0.004  +0.826  +0.132  +0.002  +0.112  +0.100  -0.002  +0.081  +0.248   -0.001    +0.005    +0.002  +0.036  -0.094   -0.029  +0.580
                         :   jet0eta:  +0.001   +0.009  +0.001  -0.004  +1.000  -0.014  -0.000  +0.356  -0.007  -0.006  +0.316  -0.011  -0.006   +0.406    +0.049    +0.004  +0.000  +0.004   +0.010  -0.002
                         :     jet0m:  +0.132   -0.008  +0.100  +0.826  -0.014  +1.000  +0.106  -0.001  +0.105  +0.082  -0.004  +0.085  +0.206   -0.003    +0.004    -0.001  +0.028  -0.079   -0.023  +0.501
                         :    jet1pt:  +0.190   -0.002  +0.071  +0.132  -0.000  +0.106  +1.000  -0.000  +0.839  +0.231  +0.003  +0.178  +0.437   +0.000    -0.002    -0.003  +0.607  +0.169   -0.004  +0.137
                         :   jet1eta:  -0.001   +0.008  +0.004  +0.002  +0.356  -0.001  -0.000  +1.000  -0.005  -0.000  +0.217  +0.001  -0.003   +0.727    +0.590    -0.004  -0.002  +0.004   +0.005  +0.004
                         :     jet1m:  +0.167   +0.000  +0.063  +0.112  -0.007  +0.105  +0.839  -0.005  +1.000  +0.180  +0.004  +0.149  +0.389   -0.002    -0.006    -0.003  +0.501  +0.133   -0.004  +0.111
                         :    jet2pt:  +0.125   +0.000  +0.052  +0.100  -0.006  +0.082  +0.231  -0.000  +0.180  +1.000  +0.001  +0.820  +0.319   -0.001    -0.001    -0.005  +0.593  +0.179   +0.001  +0.099
                         :   jet2eta:  -0.005   +0.002  +0.001  -0.002  +0.316  -0.004  +0.003  +0.217  +0.004  +0.001  +1.000  -0.004  -0.005   +0.684    -0.519    +0.005  +0.006  +0.010   +0.009  -0.001
                         :     jet2m:  +0.105   -0.001  +0.053  +0.081  -0.011  +0.085  +0.178  +0.001  +0.149  +0.820  -0.004  +1.000  +0.277   -0.002    +0.002    -0.003  +0.484  +0.139   +0.002  +0.080
                         :   jet12pt:  +0.195   -0.002  +0.061  +0.248  -0.006  +0.206  +0.437  -0.003  +0.389  +0.319  -0.005  +0.277  +1.000   -0.004    +0.003    +0.002  +0.110  -0.451   -0.001  +0.117
                         :  jet12eta:  -0.005   +0.007  +0.007  -0.001  +0.406  -0.003  +0.000  +0.727  -0.002  -0.001  +0.684  -0.002  -0.004   +1.000    +0.068    +0.003  +0.000  +0.006   +0.015  +0.000
                         : jet12deta:  +0.001   +0.004  +0.003  +0.005  +0.049  +0.004  -0.002  +0.590  -0.006  -0.001  -0.519  +0.002  +0.003   +0.068    +1.000    -0.005  -0.005  -0.005   -0.003  +0.003
                         : jet12dphi:  -0.001   +0.004  +0.000  +0.002  +0.004  -0.001  -0.003  -0.004  -0.003  -0.005  +0.005  -0.003  +0.002   +0.003    -0.005    +1.000  -0.005  -0.010   +0.032  -0.001
                         :    jet12m:  +0.115   +0.003  +0.066  +0.036  +0.000  +0.028  +0.607  -0.002  +0.501  +0.593  +0.006  +0.484  +0.110   +0.000    -0.005    -0.005  +1.000  +0.656   -0.006  +0.135
                         :   jet12DR:  +0.017   +0.001  +0.026  -0.094  +0.004  -0.079  +0.169  +0.004  +0.133  +0.179  +0.010  +0.139  -0.451   +0.006    -0.005    -0.010  +0.656  +1.000   -0.011  +0.066
                         :  lepTdphi:  -0.031   -0.059  -0.003  -0.029  +0.010  -0.023  -0.004  +0.005  -0.004  +0.001  +0.009  +0.002  -0.001   +0.015    -0.003    +0.032  -0.006  -0.011   +1.000  -0.043
                         :     lepTm:  +0.516   +0.002  +0.531  +0.580  -0.002  +0.501  +0.137  +0.004  +0.111  +0.099  -0.001  +0.080  +0.117   +0.000    +0.003    -0.001  +0.135  +0.066   -0.043  +1.000
                         : ---------------------------------------------------------------------------------------------------------------------------------------------------------------------------------
DataSetFactory           : [STHct_j4b2_01] :  
                         : 
Factory                  : Train all methods
Factory                  : [STHct_j4b2_01] : Create Transformation "I" with events from all classes.
                         : 
                         : Transformation, Variable selection : 
                         : Input : variable 'lepWpt' <---> Output : variable 'lepWpt'
                         : Input : variable 'lepWdphi' <---> Output : variable 'lepWdphi'
                         : Input : variable 'lepWm' <---> Output : variable 'lepWm'
                         : Input : variable 'jet0pt' <---> Output : variable 'jet0pt'
                         : Input : variable 'jet0eta' <---> Output : variable 'jet0eta'
                         : Input : variable 'jet0m' <---> Output : variable 'jet0m'
                         : Input : variable 'jet1pt' <---> Output : variable 'jet1pt'
                         : Input : variable 'jet1eta' <---> Output : variable 'jet1eta'
                         : Input : variable 'jet1m' <---> Output : variable 'jet1m'
                         : Input : variable 'jet2pt' <---> Output : variable 'jet2pt'
                         : Input : variable 'jet2eta' <---> Output : variable 'jet2eta'
                         : Input : variable 'jet2m' <---> Output : variable 'jet2m'
                         : Input : variable 'jet12pt' <---> Output : variable 'jet12pt'
                         : Input : variable 'jet12eta' <---> Output : variable 'jet12eta'
                         : Input : variable 'jet12deta' <---> Output : variable 'jet12deta'
                         : Input : variable 'jet12dphi' <---> Output : variable 'jet12dphi'
                         : Input : variable 'jet12m' <---> Output : variable 'jet12m'
                         : Input : variable 'jet12DR' <---> Output : variable 'jet12DR'
                         : Input : variable 'lepTdphi' <---> Output : variable 'lepTdphi'
                         : Input : variable 'lepTm' <---> Output : variable 'lepTm'
TFHandler_Factory        :  Variable         Mean         RMS   [        Min         Max ]
                         : ----------------------------------------------------------------
                         :    lepWpt:     104.80     65.478   [    0.12588     856.88 ]
                         :  lepWdphi:  0.0032006     1.6739   [    -3.1416     3.1416 ]
                         :     lepWm:     94.260     47.039   [    0.35550     731.96 ]
                         :    jet0pt:     64.709     38.861   [     30.000     911.32 ]
                         :   jet0eta:  -0.020684     1.0824   [    -2.3999     2.3997 ]
                         :     jet0m:     9.9025     4.8134   [    0.94740     117.23 ]
                         :    jet1pt:     82.051     51.848   [     30.000     1116.8 ]
                         :   jet1eta: -0.0042288     1.0924   [    -2.3998     2.3999 ]
                         :     jet1m:     11.830     6.3041   [     1.9905     177.78 ]
                         :    jet2pt:     80.247     45.832   [     30.000     813.29 ]
                         :   jet2eta: -0.0062780     1.0294   [    -2.4000     2.3999 ]
                         :     jet2m:     11.347     5.1183   [     2.3129     151.08 ]
                         :   jet12pt:     91.994     56.972   [    0.31175     1286.3 ]
                         :  jet12eta: -0.0069878     1.5142   [    -6.8673     6.5550 ]
                         : jet12deta:  0.0030455     1.0846   [    -6.0367     6.3609 ]
                         : jet12dphi:  -0.015761     2.0984   [    -3.1416     3.1416 ]
                         :    jet12m:     162.57     100.45   [     16.626     1504.5 ]
                         :   jet12DR:     2.3268    0.81655   [    0.39740     5.5509 ]
                         :  lepTdphi:  -0.044222     2.0142   [    -3.1415     3.1416 ]
                         :     lepTm:     202.16     94.212   [     30.290     2294.6 ]
                         : ----------------------------------------------------------------
                         : Ranking input variables (method unspecific)...
IdTransformation         : Ranking result (top variable is best ranked)
                         : ----------------------------------
                         : Rank : Variable  : Separation
                         : ----------------------------------
                         :    1 : jet12m    : 2.500e-02
                         :    2 : jet12pt   : 1.807e-02
                         :    3 : jet0m     : 1.536e-02
                         :    4 : lepTdphi  : 1.475e-02
                         :    5 : jet12DR   : 9.452e-03
                         :    6 : jet0pt    : 6.072e-03
                         :    7 : jet12dphi : 3.937e-03
                         :    8 : jet0eta   : 2.184e-03
                         :    9 : jet2pt    : 2.148e-03
                         :   10 : jet1pt    : 2.140e-03
                         :   11 : lepTm     : 1.778e-03
                         :   12 : lepWdphi  : 1.651e-03
                         :   13 : lepWpt    : 1.395e-03
                         :   14 : jet2m     : 1.168e-03
                         :   15 : jet1m     : 1.093e-03
                         :   16 : lepWm     : 9.221e-04
                         :   17 : jet12eta  : 8.548e-04
                         :   18 : jet12deta : 6.613e-04
                         :   19 : jet2eta   : 5.193e-04
                         :   20 : jet1eta   : 4.253e-04
                         : ----------------------------------
Factory                  : Train method: BDT for Classification
                         : 
<WARNING>                : Events with negative event weights are USED during the BDT training. This might cause problems with small node sizes or with the boosting. Please remove negative events from training using the option *IgnoreEventsWithNegWeightsInTraining* in case you observe problems with the boosting
BDT                      : #events: (reweighted) sig: 71500 bkg: 71500
                         : #events: (unweighted) sig: 43000 bkg: 100000
                         : Training 800 Decision Trees ... patience please
                         : Elapsed time for training with 143000 events: 265 sec         
BDT                      : [STHct_j4b2_01] : Evaluation of BDT on training sample (143000 events)
                         : Elapsed time for evaluation of 143000 events: 20.8 sec       
                         : Creating xml weight file: STHct_j4b2_01/weights/TMVAClassification_BDT.weights.xml
                         : Creating standalone class: STHct_j4b2_01/weights/TMVAClassification_BDT.class.C
Factory                  : Training finished
                         : 
                         : Ranking input variables (method specific)...
BDT                      : Ranking result (top variable is best ranked)
                         : -------------------------------------------
                         : Rank : Variable  : Variable Importance
                         : -------------------------------------------
                         :    1 : jet12pt   : 7.302e-02
                         :    2 : jet12m    : 6.768e-02
                         :    3 : lepTdphi  : 6.352e-02
