python training_bdt_stfcnc.py 
DataSetInfo              : [deepRecoSTFCNC01] : Added class "Signal"
DataSetInfo              : [deepRecoSTFCNC01] : Added class "Background"
                         : Add Tree sig_tree of type Signal with 17815 events
                         : Add Tree sig_tree of type Signal with 26935 events
                         : Add Tree sig_tree of type Signal with 23026 events
                         : Add Tree sig_tree of type Signal with 23292 events
                         : Add Tree sig_tree of type Signal with 22086 events
                         : Add Tree sig_tree of type Signal with 9094 events
                         : Add Tree bkg_tree of type Background with 149803 events
                         : Add Tree bkg_tree of type Background with 229226 events
                         : Add Tree bkg_tree of type Background with 192944 events
                         : Add Tree bkg_tree of type Background with 196787 events
                         : Add Tree bkg_tree of type Background with 188425 events
                         : Add Tree bkg_tree of type Background with 77000 events
Factory                  : Booking method: BDT
                         : 
                         : the option *InverseBoostNegWeights* does not exist for BoostType=Grad --> change
                         : to new default for GradBoost *Pray*
DataSetFactory           : [deepRecoSTFCNC01] : Number of events in input trees
                         : 
                         : 
                         : Number of training and testing events
                         : ---------------------------------------------------------------------------
                         : Signal     -- training events            : 100000
                         : Signal     -- testing events             : 20000
                         : Signal     -- training and testing events: 120000
                         : Background -- training events            : 100000
                         : Background -- testing events             : 30000
                         : Background -- training and testing events: 130000
                         : 
DataSetInfo              : Correlation matrix (Signal):
                         : ---------------------------------------------------------------------------------------------------------------------------------------------------------------------------------
                         :             jet0pt jet0eta   jet0m  jet1pt jet1eta   jet1m  jet2pt jet2eta   jet2m jet12pt jet12eta jet12deta jet12dphi jet12dR  jet12m  lepWpt lepWdphi   lepWm lepTdphi   lepTm
                         :    jet0pt:  +1.000  +0.005  +0.817  +0.317  +0.002  +0.275  +0.284  +0.004  +0.233  +0.445   +0.002    +0.004    -0.001  -0.374  +0.040  -0.032   -0.011  +0.031   +0.005  +0.310
                         :   jet0eta:  +0.005  +1.000  +0.008  +0.004  +0.188  +0.004  -0.004  +0.183  -0.005  +0.001   +0.191    +0.020    +0.003  -0.004  +0.002  -0.008   -0.003  -0.003   +0.002  -0.003
                         :     jet0m:  +0.817  +0.008  +1.000  +0.252  +0.007  +0.225  +0.230  +0.010  +0.195  +0.358   +0.007    +0.002    +0.004  -0.303  +0.034  -0.028   -0.007  +0.034   +0.004  +0.305
                         :    jet1pt:  +0.317  +0.004  +0.252  +1.000  +0.014  +0.845  -0.009  +0.013  -0.017  +0.719   +0.010    +0.012    -0.002  -0.505  +0.271  +0.381   -0.007  +0.083   +0.002  +0.134
                         :   jet1eta:  +0.002  +0.188  +0.007  +0.014  +1.000  +0.014  -0.003  +0.676  -0.000  +0.007   +0.875    +0.373    +0.004  -0.005  +0.009  +0.000   +0.001  +0.003   -0.005  +0.002
                         :     jet1m:  +0.275  +0.004  +0.225  +0.845  +0.014  +1.000  -0.014  +0.011  -0.005  +0.602   +0.009    +0.013    -0.004  -0.436  +0.274  +0.316   -0.006  +0.068   +0.001  +0.110
                         :    jet2pt:  +0.284  -0.004  +0.230  -0.009  -0.003  -0.014  +1.000  -0.005  +0.830  +0.641   -0.002    +0.002    -0.001  -0.467  +0.254  +0.332   -0.002  +0.062   -0.002  +0.109
                         :   jet2eta:  +0.004  +0.183  +0.010  +0.013  +0.676  +0.011  -0.005  +1.000  -0.001  +0.006   +0.869    -0.278    +0.007  -0.005  +0.009  -0.001   +0.001  -0.002   -0.007  +0.001
                         :     jet2m:  +0.233  -0.005  +0.195  -0.017  -0.000  -0.005  +0.830  -0.001  +1.000  +0.523   +0.000    -0.001    -0.002  -0.388  +0.261  +0.278   +0.000  +0.055   -0.003  +0.091
                         :   jet12pt:  +0.445  +0.001  +0.358  +0.719  +0.007  +0.602  +0.641  +0.006  +0.523  +1.000   +0.005    +0.009    -0.003  -0.815  +0.238  +0.516   -0.007  +0.112   -0.002  +0.183
                         :  jet12eta:  +0.002  +0.191  +0.007  +0.010  +0.875  +0.009  -0.002  +0.869  +0.000  +0.005   +1.000    +0.053    +0.008  -0.004  +0.008  -0.001   +0.004  -0.000   -0.008  +0.000
                         : jet12deta:  +0.004  +0.020  +0.002  +0.012  +0.373  +0.013  +0.002  -0.278  -0.001  +0.009   +0.053    +1.000    -0.001  -0.006  +0.003  +0.001   +0.001  +0.010   +0.003  +0.007
                         : jet12dphi:  -0.001  +0.003  +0.004  -0.002  +0.004  -0.004  -0.001  +0.007  -0.002  -0.003   +0.008    -0.001    +1.000  +0.005  -0.002  -0.000   +0.011  -0.002   +0.005  -0.001
                         :   jet12dR:  -0.374  -0.004  -0.303  -0.505  -0.005  -0.436  -0.467  -0.005  -0.388  -0.815   -0.004    -0.006    +0.005  +1.000  +0.137  -0.395   +0.004  -0.105   +0.003  -0.159
                         :    jet12m:  +0.040  +0.002  +0.034  +0.271  +0.009  +0.274  +0.254  +0.009  +0.261  +0.238   +0.008    +0.003    -0.002  +0.137  +1.000  +0.113   -0.001  -0.033   -0.001  -0.022
                         :    lepWpt:  -0.032  -0.008  -0.028  +0.381  +0.000  +0.316  +0.332  -0.001  +0.278  +0.516   -0.001    +0.001    -0.000  -0.395  +0.113  +1.000   -0.001  +0.141   -0.008  +0.200
                         :  lepWdphi:  -0.011  -0.003  -0.007  -0.007  +0.001  -0.006  -0.002  +0.001  +0.000  -0.007   +0.004    +0.001    +0.011  +0.004  -0.001  -0.001   +1.000  -0.006   -0.123  -0.009
                         :     lepWm:  +0.031  -0.003  +0.034  +0.083  +0.003  +0.068  +0.062  -0.002  +0.055  +0.112   -0.000    +0.010    -0.002  -0.105  -0.033  +0.141   -0.006  +1.000   -0.004  +0.756
                         :  lepTdphi:  +0.005  +0.002  +0.004  +0.002  -0.005  +0.001  -0.002  -0.007  -0.003  -0.002   -0.008    +0.003    +0.005  +0.003  -0.001  -0.008   -0.123  -0.004   +1.000  -0.003
                         :     lepTm:  +0.310  -0.003  +0.305  +0.134  +0.002  +0.110  +0.109  +0.001  +0.091  +0.183   +0.000    +0.007    -0.001  -0.159  -0.022  +0.200   -0.009  +0.756   -0.003  +1.000
                         : ---------------------------------------------------------------------------------------------------------------------------------------------------------------------------------
DataSetInfo              : Correlation matrix (Background):
                         : ---------------------------------------------------------------------------------------------------------------------------------------------------------------------------------
                         :             jet0pt jet0eta   jet0m  jet1pt jet1eta   jet1m  jet2pt jet2eta   jet2m jet12pt jet12eta jet12deta jet12dphi jet12dR  jet12m  lepWpt lepWdphi   lepWm lepTdphi   lepTm
                         :    jet0pt:  +1.000  +0.003  +0.997  +0.012  +0.004  +0.009  +0.010  +0.003  +0.008  +0.010   +0.002    +0.004    -0.004  +0.006  +0.011  +0.028   +0.006  +0.009   -0.004  +0.711
                         :   jet0eta:  +0.003  +1.000  +0.003  +0.006  +0.162  +0.006  +0.000  +0.178  -0.001  +0.003   +0.212    -0.006    +0.006  -0.002  +0.003  +0.002   -0.005  +0.007   -0.009  +0.009
                         :     jet0m:  +0.997  +0.003  +1.000  +0.003  +0.005  +0.003  +0.002  +0.003  +0.003  +0.003   +0.002    +0.005    -0.004  +0.004  +0.003  +0.015   +0.006  +0.006   -0.004  +0.685
                         :    jet1pt:  +0.012  +0.006  +0.003  +1.000  +0.015  +0.842  +0.172  +0.007  +0.137  +0.508   +0.008    +0.009    -0.004  +0.030  +0.521  +0.219   -0.005  +0.063   -0.001  +0.096
                         :   jet1eta:  +0.004  +0.162  +0.005  +0.015  +1.000  +0.014  -0.008  +0.269  -0.007  +0.002   +0.741    +0.561    +0.002  -0.011  -0.010  +0.005   +0.000  +0.009   +0.007  +0.002
                         :     jet1m:  +0.009  +0.006  +0.003  +0.842  +0.014  +1.000  +0.142  +0.004  +0.118  +0.423   +0.005    +0.009    -0.008  +0.028  +0.452  +0.188   -0.004  +0.053   -0.000  +0.076
                         :    jet2pt:  +0.010  +0.000  +0.002  +0.172  -0.008  +0.142  +1.000  -0.002  +0.831  +0.471   -0.001    -0.002    -0.001  +0.055  +0.530  +0.196   -0.005  +0.055   -0.001  +0.082
                         :   jet2eta:  +0.003  +0.178  +0.003  +0.007  +0.269  +0.004  -0.002  +1.000  +0.000  +0.001   +0.702    -0.487    +0.005  +0.012  +0.014  -0.005   -0.008  +0.005   +0.002  +0.001
                         :     jet2m:  +0.008  -0.001  +0.003  +0.137  -0.007  +0.118  +0.831  +0.000  +1.000  +0.383   +0.001    -0.001    -0.001  +0.054  +0.454  +0.162   -0.003  +0.048   -0.001  +0.065
                         :   jet12pt:  +0.010  +0.003  +0.003  +0.508  +0.002  +0.423  +0.471  +0.001  +0.383  +1.000   +0.003    +0.007    -0.002  -0.509  +0.109  +0.292   -0.006  +0.074   -0.001  +0.090
                         :  jet12eta:  +0.002  +0.212  +0.002  +0.008  +0.741  +0.005  -0.001  +0.702  +0.001  +0.003   +1.000    +0.068    +0.006  +0.001  +0.001  -0.001   -0.003  +0.005   +0.006  +0.000
                         : jet12deta:  +0.004  -0.006  +0.005  +0.009  +0.561  +0.009  -0.002  -0.487  -0.001  +0.007   +0.068    +1.000    +0.002  -0.014  -0.013  +0.012   +0.005  +0.008   +0.004  +0.005
                         : jet12dphi:  -0.004  +0.006  -0.004  -0.004  +0.002  -0.008  -0.001  +0.005  -0.001  -0.002   +0.006    +0.002    +1.000  -0.001  -0.001  -0.010   +0.003  -0.009   -0.008  -0.007
                         :   jet12dR:  +0.006  -0.002  +0.004  +0.030  -0.011  +0.028  +0.055  +0.012  +0.054  -0.509   +0.001    -0.014    -0.001  +1.000  +0.615  -0.058   +0.002  +0.000   +0.003  +0.025
                         :    jet12m:  +0.011  +0.003  +0.003  +0.521  -0.010  +0.452  +0.530  +0.014  +0.454  +0.109   +0.001    -0.013    -0.001  +0.615  +1.000  +0.118   +0.001  +0.053   +0.002  +0.089
                         :    lepWpt:  +0.028  +0.002  +0.015  +0.219  +0.005  +0.188  +0.196  -0.005  +0.162  +0.292   -0.001    +0.012    -0.010  -0.058  +0.118  +1.000   +0.003  +0.151   -0.004  +0.366
                         :  lepWdphi:  +0.006  -0.005  +0.006  -0.005  +0.000  -0.004  -0.005  -0.008  -0.003  -0.006   -0.003    +0.005    +0.003  +0.002  +0.001  +0.003   +1.000  -0.006   +0.031  +0.003
                         :     lepWm:  +0.009  +0.007  +0.006  +0.063  +0.009  +0.053  +0.055  +0.005  +0.048  +0.074   +0.005    +0.008    -0.009  +0.000  +0.053  +0.151   -0.006  +1.000   -0.003  +0.316
                         :  lepTdphi:  -0.004  -0.009  -0.004  -0.001  +0.007  -0.000  -0.001  +0.002  -0.001  -0.001   +0.006    +0.004    -0.008  +0.003  +0.002  -0.004   +0.031  -0.003   +1.000  -0.009
                         :     lepTm:  +0.711  +0.009  +0.685  +0.096  +0.002  +0.076  +0.082  +0.001  +0.065  +0.090   +0.000    +0.005    -0.007  +0.025  +0.089  +0.366   +0.003  +0.316   -0.009  +1.000
                         : ---------------------------------------------------------------------------------------------------------------------------------------------------------------------------------
DataSetFactory           : [deepRecoSTFCNC01] :  
                         : 
Factory                  : Train all methods
Factory                  : [deepRecoSTFCNC01] : Create Transformation "I" with events from all classes.
                         : 
                         : Transformation, Variable selection : 
                         : Input : variable 'jet0pt' <---> Output : variable 'jet0pt'
                         : Input : variable 'jet0eta' <---> Output : variable 'jet0eta'
                         : Input : variable 'jet0m' <---> Output : variable 'jet0m'
                         : Input : variable 'jet1pt' <---> Output : variable 'jet1pt'
                         : Input : variable 'jet1eta' <---> Output : variable 'jet1eta'
                         : Input : variable 'jet1m' <---> Output : variable 'jet1m'
                         : Input : variable 'jet2pt' <---> Output : variable 'jet2pt'
                         : Input : variable 'jet2eta' <---> Output : variable 'jet2eta'
                         : Input : variable 'jet2m' <---> Output : variable 'jet2m'
                         : Input : variable 'jet12pt' <---> Output : variable 'jet12pt'
                         : Input : variable 'jet12eta' <---> Output : variable 'jet12eta'
                         : Input : variable 'jet12deta' <---> Output : variable 'jet12deta'
                         : Input : variable 'jet12dphi' <---> Output : variable 'jet12dphi'
                         : Input : variable 'jet12dR' <---> Output : variable 'jet12dR'
                         : Input : variable 'jet12m' <---> Output : variable 'jet12m'
                         : Input : variable 'lepWpt' <---> Output : variable 'lepWpt'
                         : Input : variable 'lepWdphi' <---> Output : variable 'lepWdphi'
                         : Input : variable 'lepWm' <---> Output : variable 'lepWm'
                         : Input : variable 'lepTdphi' <---> Output : variable 'lepTdphi'
                         : Input : variable 'lepTm' <---> Output : variable 'lepTm'
TFHandler_Factory        :  Variable         Mean         RMS   [        Min         Max ]
                         : ----------------------------------------------------------------
                         :    jet0pt:     79.010     289.72   [    0.17266     84305. ]
                         :   jet0eta: 0.00019558     1.1410   [    -2.3997     2.4000 ]
                         :     jet0m:     11.826     60.409   [   0.037274     17413. ]
                         :    jet1pt:     86.757     57.784   [     30.001     776.91 ]
                         :   jet1eta: -0.0039847     1.0816   [    -2.3998     2.3997 ]
                         :     jet1m:     12.047     6.5976   [     2.1055     135.77 ]
                         :    jet2pt:     85.235     53.416   [     25.661     784.11 ]
                         :   jet2eta:   0.010593     1.0234   [    -2.3998     2.3998 ]
                         :     jet2m:     11.748     5.9594   [     1.3945     141.79 ]
                         :   jet12pt:     121.12     82.756   [    0.17041     744.70 ]
                         :  jet12eta:  0.0054330     1.3978   [    -6.2519     6.7776 ]
                         : jet12deta: -0.0028210     1.0524   [    -6.9827     6.6037 ]
                         : jet12dphi:  0.0082373     1.8510   [    -3.1416     3.1416 ]
                         :   jet12dR:     1.9821    0.82347   [    0.38528     5.3794 ]
                         :    jet12m:     138.51     83.875   [     17.879     1996.6 ]
                         :    lepWpt:     106.04     66.084   [    0.28009     838.44 ]
                         :  lepWdphi: -0.0077231     1.6522   [    -3.1415     3.1415 ]
                         :     lepWm:     92.279     45.985   [    0.58642     665.02 ]
                         :  lepTdphi: -0.0025566     1.8936   [    -3.1416     3.1415 ]
                         :     lepTm:     207.09     118.06   [     27.344     20203. ]
                         : ----------------------------------------------------------------
                         : Ranking input variables (method unspecific)...
IdTransformation         : Ranking result (top variable is best ranked)
                         : ----------------------------------
                         : Rank : Variable  : Separation
                         : ----------------------------------
                         :    1 : jet12m    : 2.832e-01
                         :    2 : jet12dR   : 1.433e-01
                         :    3 : lepTm     : 9.858e-02
                         :    4 : jet12dphi : 8.285e-02
                         :    5 : lepTdphi  : 5.772e-02
                         :    6 : jet12pt   : 4.734e-02
                         :    7 : jet0eta   : 2.009e-02
                         :    8 : jet12eta  : 8.617e-03
                         :    9 : jet0pt    : 7.917e-03
                         :   10 : jet12deta : 4.391e-03
                         :   11 : lepWpt    : 3.090e-03
                         :   12 : jet0m     : 2.233e-03
                         :   13 : jet2m     : 1.925e-03
                         :   14 : jet1eta   : 1.332e-03
                         :   15 : lepWdphi  : 1.257e-03
                         :   16 : jet2pt    : 1.110e-03
                         :   17 : jet1pt    : 7.543e-04
                         :   18 : lepWm     : 7.356e-04
                         :   19 : jet1m     : 6.456e-04
                         :   20 : jet2eta   : 2.505e-04
                         : ----------------------------------
Factory                  : Train method: BDT for Classification
                         : 
BDT                      : #events: (reweighted) sig: 100000 bkg: 100000
                         : #events: (unweighted) sig: 100000 bkg: 100000
                         : Training 800 Decision Trees ... patience please
                         : Elapsed time for training with 200000 events: 743 sec         
BDT                      : [deepRecoSTFCNC01] : Evaluation of BDT on training sample (200000 events)
                         : Elapsed time for evaluation of 200000 events: 48.8 sec       
                         : Creating xml weight file: deepRecoSTFCNC01/weights/TMVAClassification_BDT.weights.xml
                         : Creating standalone class: deepRecoSTFCNC01/weights/TMVAClassification_BDT.class.C
Factory                  : Training finished
                         : 
                         : Ranking input variables (method specific)...
BDT                      : Ranking result (top variable is best ranked)
                         : -------------------------------------------
                         : Rank : Variable  : Variable Importance
                         : -------------------------------------------
                         :    1 : lepTm     : 7.539e-02
                         :    2 : lepTdphi  : 6.679e-02
                         :    3 : jet0eta   : 6.678e-02
                         :    4 : jet0pt    : 6.176e-02
                         :    5 : lepWpt    : 5.515e-02
                         :    6 : jet12dR   : 5.489e-02
                         :    7 : lepWdphi  : 5.285e-02
                         :    8 : lepWm     : 5.156e-02
                         :    9 : jet2eta   : 5.003e-02
                         :   10 : jet12m    : 4.894e-02
                         :   11 : jet1eta   : 4.624e-02
                         :   12 : jet12dphi : 4.537e-02
                         :   13 : jet12pt   : 4.420e-02
                         :   14 : jet12eta  : 4.109e-02
                         :   15 : jet0m     : 4.080e-02
                         :   16 : jet2m     : 4.046e-02
                         :   17 : jet1m     : 4.027e-02
                         :   18 : jet2pt    : 3.962e-02
                         :   19 : jet12deta : 3.951e-02
                         :   20 : jet1pt    : 3.827e-02
                         : -------------------------------------------
Factory                  : === Destroy and recreate all methods via weight files for testing ===
                         : 
Factory                  : Test all methods
Factory                  : Test method: BDT for Classification performance
                         : 
BDT                      : [deepRecoSTFCNC01] : Evaluation of BDT on testing sample (50000 events)
                         : Elapsed time for evaluation of 50000 events: 11.1 sec       
Factory                  : Evaluate all methods
Factory                  : Evaluate classifier: BDT
                         : 
BDT                      : [deepRecoSTFCNC01] : Loop over test events and fill histograms with classifier response...
                         : 
TFHandler_BDT            :  Variable         Mean         RMS   [        Min         Max ]
                         : ----------------------------------------------------------------
                         :    jet0pt:     76.490     51.533   [    0.23257     3293.7 ]
                         :   jet0eta: -0.0040376     1.1613   [    -2.3997     2.4000 ]
                         :     jet0m:     11.432     6.9517   [   0.050209     864.43 ]
                         :    jet1pt:     86.301     57.497   [     30.004     814.25 ]
                         :   jet1eta: -0.0086928     1.0889   [    -2.3987     2.3983 ]
                         :     jet1m:     11.997     6.4694   [     2.2091     126.99 ]
                         :    jet2pt:     85.324     53.428   [     28.247     760.82 ]
                         :   jet2eta:   0.012266     1.0273   [    -2.3990     2.3995 ]
                         :     jet2m:     11.774     5.9290   [     1.3945     140.56 ]
                         :   jet12pt:     117.17     80.249   [    0.32575     744.70 ]
                         :  jet12eta:  0.0062692     1.4194   [    -5.7949     6.6143 ]
                         : jet12deta: -0.0083667     1.0644   [    -5.8964     4.8975 ]
                         : jet12dphi:  0.0070331     1.8970   [    -3.1416     3.1415 ]
                         :   jet12dR:     2.0473    0.83854   [    0.39975     5.3794 ]
                         :    jet12m:     144.37     90.646   [     18.112     1905.5 ]
                         :    lepWpt:     106.56     66.244   [    0.28812     759.83 ]
                         :  lepWdphi: -0.0057459     1.6547   [    -3.1415     3.1410 ]
                         :     lepWm:     92.863     46.073   [    0.58642     665.02 ]
                         :  lepTdphi: -0.0059193     1.9326   [    -3.1415     3.1410 ]
                         :     lepTm:     211.90     97.675   [     22.279     2796.0 ]
                         : ----------------------------------------------------------------
                         : 
                         : Evaluation results ranked by best signal efficiency and purity (area)
                         : -------------------------------------------------------------------------------------------------------------------
                         : DataSet       MVA                       
                         : Name:         Method:          ROC-integ
                         : deepRecoSTFCNC01 BDT            : 0.909
                         : -------------------------------------------------------------------------------------------------------------------
                         : 
                         : Testing efficiency compared to training efficiency (overtraining check)
                         : -------------------------------------------------------------------------------------------------------------------
                         : DataSet              MVA              Signal efficiency: from test sample (from training sample) 
                         : Name:                Method:          @B=0.01             @B=0.10            @B=0.30   
                         : -------------------------------------------------------------------------------------------------------------------
                         : deepRecoSTFCNC01     BDT            : 0.197 (0.247)       0.674 (0.714)      0.944 (0.950)
                         : -------------------------------------------------------------------------------------------------------------------
                         : 
Dataset:deepRecoSTFCNC01 : Created tree 'TestTree' with 50000 events
                         : 
Dataset:deepRecoSTFCNC01 : Created tree 'TrainTree' with 200000 events
                         : 
Factory                  : Thank you for using TMVA!
                         : For citation information, please visit: http://tmva.sf.net/citeTMVA.html
