python training.py 
TUnixSystem::SetDisplay:0: RuntimeWarning: DISPLAY not set, setting it to htop.local:0.0
DataSetInfo              : [STHut_j4b2_01] : Added class "Signal"
                         : Add Tree tmva_tree of type Signal with 430221 events
DataSetInfo              : [STHut_j4b2_01] : Added class "Background"
                         : Add Tree tmva_tree of type Background with 22434 events
                         : Add Tree tmva_tree of type Background with 15996 events
                         : Add Tree tmva_tree of type Background with 101634 events
                         : Add Tree tmva_tree of type Background with 103544 events
                         : Add Tree tmva_tree of type Background with 69321 events
                         : Add Tree tmva_tree of type Background with 182090 events
                         : Add Tree tmva_tree of type Background with 79451 events
                         : Add Tree tmva_tree of type Background with 2796376 events
                         : Add Tree tmva_tree of type Background with 5085960 events
Factory                  : Booking method: BDT
                         : 
DataSetFactory           : [STHut_j4b2_01] : Number of events in input trees
                         : Dataset[STHut_j4b2_01] :     Signal     requirement: "nevt %3!=0 && njets==4 && nbjets_m==2"
                         : Dataset[STHut_j4b2_01] :     Signal          -- number of events passed: 54294  / sum of weights: 415.291
                         : Dataset[STHut_j4b2_01] :     Signal          -- efficiency             : 0.133247
                         : Dataset[STHut_j4b2_01] :     Background requirement: "nevt %3!=0 && njets==4 && nbjets_m==2"
                         : Dataset[STHut_j4b2_01] :     Background      -- number of events passed: 1947363  / sum of weights: 238673
                         : Dataset[STHut_j4b2_01] :     Background      -- efficiency             : 0.229681
                         : Dataset[STHut_j4b2_01] :  you have opted for interpreting the requested number of training/testing events
                         :  to be the number of events AFTER your preselection cuts
                         : 
                         : Dataset[STHut_j4b2_01] :  you have opted for interpreting the requested number of training/testing events
                         :  to be the number of events AFTER your preselection cuts
                         : 
                         : Number of training and testing events
                         : ---------------------------------------------------------------------------
                         : Signal     -- training events            : 36000
                         : Signal     -- testing events             : 18294
                         : Signal     -- training and testing events: 54294
                         : Dataset[STHut_j4b2_01] : Signal     -- due to the preselection a scaling factor has been applied to the numbers of requested events: 0.1262
                         : Background -- training events            : 100000
                         : Background -- testing events             : 100000
                         : Background -- training and testing events: 200000
                         : Dataset[STHut_j4b2_01] : Background -- due to the preselection a scaling factor has been applied to the numbers of requested events: 0.230272
                         : 
DataSetInfo              : Correlation matrix (Signal):
                         : ---------------------------------------------------------------------------------------------------------------------------------------------------------------------------------
                         :             lepWpt lepWdphi   lepWm  jet0pt jet0eta   jet0m  jet1pt jet1eta   jet1m  jet2pt jet2eta   jet2m jet12pt jet12eta jet12deta jet12dphi  jet12m jet12DR lepTdphi   lepTm
                         :    lepWpt:  +1.000   -0.007  +0.181  +0.120  -0.004  +0.094  +0.281  -0.002  +0.242  +0.220  +0.004  +0.190  +0.359   -0.002    -0.006    +0.003  +0.123  -0.088   -0.031  +0.447
                         :  lepWdphi:  -0.007   +1.000  +0.002  -0.009  +0.008  -0.011  +0.001  +0.007  -0.002  -0.004  +0.005  -0.004  -0.001   +0.006    -0.000    +0.009  +0.000  +0.003   -0.056  +0.000
                         :     lepWm:  +0.181   +0.002  +1.000  +0.097  +0.008  +0.081  +0.086  +0.003  +0.072  +0.077  +0.005  +0.066  +0.090   +0.008    -0.010    -0.009  +0.041  -0.017   +0.005  +0.539
                         :    jet0pt:  +0.120   -0.009  +0.097  +1.000  -0.001  +0.849  +0.203  +0.000  +0.166  +0.181  -0.001  +0.135  +0.360   -0.001    -0.001    -0.004  +0.032  -0.171   -0.034  +0.506
                         :   jet0eta:  -0.004   +0.008  +0.008  -0.001  +1.000  -0.012  -0.004  +0.306  -0.009  -0.006  +0.291  -0.018  +0.005   +0.334    +0.037    +0.004  -0.004  -0.002   +0.006  -0.010
                         :     jet0m:  +0.094   -0.011  +0.081  +0.849  -0.012  +1.000  +0.171  -0.007  +0.147  +0.147  -0.008  +0.123  +0.304   -0.008    -0.006    -0.002  +0.029  -0.143   -0.038  +0.438
                         :    jet1pt:  +0.281   +0.001  +0.086  +0.203  -0.004  +0.171  +1.000  -0.003  +0.847  +0.198  -0.003  +0.161  +0.534   -0.003    -0.005    +0.000  +0.546  +0.040   -0.006  +0.130
                         :   jet1eta:  -0.002   +0.007  +0.003  +0.000  +0.306  -0.007  -0.003  +1.000  -0.012  +0.006  +0.506  -0.001  +0.006   +0.821    +0.467    -0.009  +0.002  +0.003   -0.004  -0.003
                         :     jet1m:  +0.242   -0.002  +0.072  +0.166  -0.009  +0.147  +0.847  -0.012  +1.000  +0.170  -0.008  +0.153  +0.446   -0.011    -0.008    +0.000  +0.483  +0.042   -0.005  +0.105
                         :    jet2pt:  +0.220   -0.004  +0.077  +0.181  -0.006  +0.147  +0.198  +0.006  +0.170  +1.000  +0.010  +0.837  +0.420   +0.007    -0.011    +0.004  +0.530  +0.053   -0.009  +0.124
                         :   jet2eta:  +0.004   +0.005  +0.005  -0.001  +0.291  -0.008  -0.003  +0.506  -0.008  +0.010  +1.000  -0.004  +0.004   +0.787    -0.355    -0.011  -0.001  +0.000   -0.001  +0.004
                         :     jet2m:  +0.190   -0.004  +0.066  +0.135  -0.018  +0.123  +0.161  -0.001  +0.153  +0.837  -0.004  +1.000  +0.345   -0.004    -0.004    +0.005  +0.449  +0.045   -0.004  +0.098
                         :   jet12pt:  +0.359   -0.001  +0.090  +0.360  +0.005  +0.304  +0.534  +0.006  +0.446  +0.420  +0.004  +0.345  +1.000   +0.005    -0.004    +0.006  +0.064  -0.539   -0.006  +0.093
                         :  jet12eta:  -0.002   +0.006  +0.008  -0.001  +0.334  -0.008  -0.003  +0.821  -0.011  +0.007  +0.787  -0.004  +0.005   +1.000    +0.083    -0.014  -0.000  +0.001   -0.001  +0.004
                         : jet12deta:  -0.006   -0.000  -0.010  -0.001  +0.037  -0.006  -0.005  +0.467  -0.008  -0.011  -0.355  -0.004  -0.004   +0.083    +1.000    +0.002  -0.003  -0.002   -0.004  -0.010
                         : jet12dphi:  +0.003   +0.009  -0.009  -0.004  +0.004  -0.002  +0.000  -0.009  +0.000  +0.004  -0.011  +0.005  +0.006   -0.014    +0.002    +1.000  +0.003  -0.005   +0.028  -0.006
                         :    jet12m:  +0.123   +0.000  +0.041  +0.032  -0.004  +0.029  +0.546  +0.002  +0.483  +0.530  -0.001  +0.449  +0.064   -0.000    -0.003    +0.003  +1.000  +0.612   -0.015  +0.136
                         :   jet12DR:  -0.088   +0.003  -0.017  -0.171  -0.002  -0.143  +0.040  +0.003  +0.042  +0.053  +0.000  +0.045  -0.539   +0.001    -0.002    -0.005  +0.612  +1.000   -0.010  +0.061
                         :  lepTdphi:  -0.031   -0.056  +0.005  -0.034  +0.006  -0.038  -0.006  -0.004  -0.005  -0.009  -0.001  -0.004  -0.006   -0.001    -0.004    +0.028  -0.015  -0.010   +1.000  -0.049
                         :     lepTm:  +0.447   +0.000  +0.539  +0.506  -0.010  +0.438  +0.130  -0.003  +0.105  +0.124  +0.004  +0.098  +0.093   +0.004    -0.010    -0.006  +0.136  +0.061   -0.049  +1.000
                         : ---------------------------------------------------------------------------------------------------------------------------------------------------------------------------------
DataSetInfo              : Correlation matrix (Background):
                         : ---------------------------------------------------------------------------------------------------------------------------------------------------------------------------------
                         :             lepWpt lepWdphi   lepWm  jet0pt jet0eta   jet0m  jet1pt jet1eta   jet1m  jet2pt jet2eta   jet2m jet12pt jet12eta jet12deta jet12dphi  jet12m jet12DR lepTdphi   lepTm
                         :    lepWpt:  +1.000   -0.003  +0.181  +0.145  -0.002  +0.124  +0.201  -0.001  +0.174  +0.138  -0.000  +0.119  +0.214   -0.001    -0.003    -0.002  +0.125  +0.021   -0.032  +0.520
                         :  lepWdphi:  -0.003   +1.000  -0.003  -0.008  +0.010  -0.011  -0.003  +0.002  -0.003  +0.004  -0.005  +0.000  -0.001   -0.002    +0.008    +0.012  +0.002  -0.001   -0.062  -0.004
                         :     lepWm:  +0.181   -0.003  +1.000  +0.096  +0.002  +0.087  +0.074  -0.004  +0.068  +0.056  -0.008  +0.052  +0.068   -0.002    +0.004    +0.003  +0.070  +0.035   -0.003  +0.527
                         :    jet0pt:  +0.145   -0.008  +0.096  +1.000  +0.001  +0.826  +0.125  -0.003  +0.100  +0.094  +0.001  +0.076  +0.243   -0.001    -0.000    -0.002  +0.032  -0.092   -0.040  +0.578
                         :   jet0eta:  -0.002   +0.010  +0.002  +0.001  +1.000  -0.012  +0.001  +0.353  -0.004  -0.008  +0.321  -0.011  -0.000   +0.408    +0.042    +0.006  -0.004  -0.004   +0.005  -0.008
                         :     jet0m:  +0.124   -0.011  +0.087  +0.826  -0.012  +1.000  +0.105  -0.007  +0.100  +0.082  -0.002  +0.086  +0.207   -0.005    +0.002    -0.007  +0.031  -0.078   -0.032  +0.486
                         :    jet1pt:  +0.201   -0.003  +0.074  +0.125  +0.001  +0.105  +1.000  +0.004  +0.838  +0.228  +0.001  +0.169  +0.439   +0.004    +0.001    -0.005  +0.611  +0.167   -0.007  +0.137
                         :   jet1eta:  -0.001   +0.002  -0.004  -0.003  +0.353  -0.007  +0.004  +1.000  -0.003  +0.001  +0.220  -0.000  +0.003   +0.728    +0.586    -0.003  +0.008  +0.004   +0.004  -0.001
                         :     jet1m:  +0.174   -0.003  +0.068  +0.100  -0.004  +0.100  +0.838  -0.003  +1.000  +0.180  -0.003  +0.146  +0.389   -0.001    -0.004    -0.006  +0.510  +0.132   -0.005  +0.106
                         :    jet2pt:  +0.138   +0.004  +0.056  +0.094  -0.008  +0.082  +0.228  +0.001  +0.180  +1.000  +0.007  +0.818  +0.328   +0.003    -0.002    -0.004  +0.591  +0.181   -0.012  +0.104
                         :   jet2eta:  -0.000   -0.005  -0.008  +0.001  +0.321  -0.002  +0.001  +0.220  -0.003  +0.007  +1.000  +0.000  +0.002   +0.685    -0.520    +0.002  -0.002  -0.002   +0.008  -0.000
                         :     jet2m:  +0.119   +0.000  +0.052  +0.076  -0.011  +0.086  +0.169  -0.000  +0.146  +0.818  +0.000  +1.000  +0.283   -0.003    +0.001    -0.003  +0.477  +0.144   -0.007  +0.084
                         :   jet12pt:  +0.214   -0.001  +0.068  +0.243  -0.000  +0.207  +0.439  +0.003  +0.389  +0.328  +0.002  +0.283  +1.000   +0.007    -0.001    -0.001  +0.125  -0.442   -0.007  +0.123
                         :  jet12eta:  -0.001   -0.002  -0.002  -0.001  +0.408  -0.005  +0.004  +0.728  -0.001  +0.003  +0.685  -0.003  +0.007   +1.000    +0.066    -0.001  +0.004  -0.001   +0.011  +0.002
                         : jet12deta:  -0.003   +0.008  +0.004  -0.000  +0.042  +0.002  +0.001  +0.586  -0.004  -0.002  -0.520  +0.001  -0.001   +0.066    +1.000    -0.002  +0.006  +0.005   -0.002  -0.001
                         : jet12dphi:  -0.002   +0.012  +0.003  -0.002  +0.006  -0.007  -0.005  -0.003  -0.006  -0.004  +0.002  -0.003  -0.001   -0.001    -0.002    +1.000  -0.004  -0.004   +0.029  -0.002
                         :    jet12m:  +0.125   +0.002  +0.070  +0.032  -0.004  +0.031  +0.611  +0.008  +0.510  +0.591  -0.002  +0.477  +0.125   +0.004    +0.006    -0.004  +1.000  +0.653   -0.014  +0.135
                         :   jet12DR:  +0.021   -0.001  +0.035  -0.092  -0.004  -0.078  +0.167  +0.004  +0.132  +0.181  -0.002  +0.144  -0.442   -0.001    +0.005    -0.004  +0.653  +1.000   -0.012  +0.074
                         :  lepTdphi:  -0.032   -0.062  -0.003  -0.040  +0.005  -0.032  -0.007  +0.004  -0.005  -0.012  +0.008  -0.007  -0.007   +0.011    -0.002    +0.029  -0.014  -0.012   +1.000  -0.048
                         :     lepTm:  +0.520   -0.004  +0.527  +0.578  -0.008  +0.486  +0.137  -0.001  +0.106  +0.104  -0.000  +0.084  +0.123   +0.002    -0.001    -0.002  +0.135  +0.074   -0.048  +1.000
                         : ---------------------------------------------------------------------------------------------------------------------------------------------------------------------------------
DataSetFactory           : [STHut_j4b2_01] :  
                         : 
Factory                  : Train all methods
Factory                  : [STHut_j4b2_01] : Create Transformation "I" with events from all classes.
                         : 
                         : Transformation, Variable selection : 
                         : Input : variable 'lepWpt' <---> Output : variable 'lepWpt'
                         : Input : variable 'lepWdphi' <---> Output : variable 'lepWdphi'
                         : Input : variable 'lepWm' <---> Output : variable 'lepWm'
                         : Input : variable 'jet0pt' <---> Output : variable 'jet0pt'
                         : Input : variable 'jet0eta' <---> Output : variable 'jet0eta'
                         : Input : variable 'jet0m' <---> Output : variable 'jet0m'
                         : Input : variable 'jet1pt' <---> Output : variable 'jet1pt'
                         : Input : variable 'jet1eta' <---> Output : variable 'jet1eta'
                         : Input : variable 'jet1m' <---> Output : variable 'jet1m'
                         : Input : variable 'jet2pt' <---> Output : variable 'jet2pt'
                         : Input : variable 'jet2eta' <---> Output : variable 'jet2eta'
                         : Input : variable 'jet2m' <---> Output : variable 'jet2m'
                         : Input : variable 'jet12pt' <---> Output : variable 'jet12pt'
                         : Input : variable 'jet12eta' <---> Output : variable 'jet12eta'
                         : Input : variable 'jet12deta' <---> Output : variable 'jet12deta'
                         : Input : variable 'jet12dphi' <---> Output : variable 'jet12dphi'
                         : Input : variable 'jet12m' <---> Output : variable 'jet12m'
                         : Input : variable 'jet12DR' <---> Output : variable 'jet12DR'
                         : Input : variable 'lepTdphi' <---> Output : variable 'lepTdphi'
                         : Input : variable 'lepTm' <---> Output : variable 'lepTm'
TFHandler_Factory        :  Variable         Mean         RMS   [        Min         Max ]
                         : ----------------------------------------------------------------
                         :    lepWpt:     107.87     68.203   [    0.46205     916.94 ]
                         :  lepWdphi:  0.0042169     1.6565   [    -3.1415     3.1415 ]
                         :     lepWm:     94.576     47.648   [    0.38007     692.76 ]
                         :    jet0pt:     65.506     40.585   [     30.000     948.26 ]
                         :   jet0eta:  -0.031366     1.0986   [    -2.3999     2.3998 ]
                         :     jet0m:     10.014     4.9697   [    0.48974     125.92 ]
                         :    jet1pt:     84.479     54.908   [     30.000     1094.0 ]
                         :   jet1eta: -0.0064894     1.1467   [    -2.4000     2.3994 ]
                         :     jet1m:     12.107     6.6810   [     1.8571     177.10 ]
                         :    jet2pt:     82.324     48.205   [     30.003     693.27 ]
                         :   jet2eta:  -0.012640     1.0810   [    -2.3999     2.4000 ]
                         :     jet2m:     11.555     5.3734   [     1.5042     128.75 ]
                         :   jet12pt:     93.743     59.705   [    0.20128     917.78 ]
                         :  jet12eta:  -0.015181     1.5950   [    -6.6570     7.5106 ]
                         : jet12deta:  0.0033904     1.1104   [    -7.2044     6.5100 ]
                         : jet12dphi:  -0.012756     2.1149   [    -3.1416     3.1416 ]
                         :    jet12m:     168.11     107.22   [     15.125     2022.6 ]
                         :   jet12DR:     2.3443    0.82355   [    0.38710     5.4927 ]
                         :  lepTdphi:  -0.056542     2.0134   [    -3.1416     3.1416 ]
                         :     lepTm:     205.57     99.232   [     27.800     2076.4 ]
                         : ----------------------------------------------------------------
                         : Ranking input variables (method unspecific)...
IdTransformation         : Ranking result (top variable is best ranked)
                         : ----------------------------------
                         : Rank : Variable  : Separation
                         : ----------------------------------
                         :    1 : jet12pt   : 3.203e-02
                         :    2 : jet12eta  : 2.750e-02
                         :    3 : jet0m     : 2.697e-02
                         :    4 : jet1eta   : 2.466e-02
                         :    5 : jet2eta   : 2.380e-02
                         :    6 : jet12m    : 2.187e-02
                         :    7 : lepTdphi  : 1.866e-02
                         :    8 : jet0pt    : 1.500e-02
                         :    9 : jet1pt    : 1.326e-02
                         :   10 : jet2pt    : 9.597e-03
                         :   11 : jet1m     : 8.857e-03
                         :   12 : jet0eta   : 8.379e-03
                         :   13 : jet2m     : 7.324e-03
                         :   14 : jet12DR   : 7.109e-03
                         :   15 : jet12deta : 6.529e-03
                         :   16 : lepWpt    : 3.267e-03
                         :   17 : jet12dphi : 2.487e-03
                         :   18 : lepWm     : 2.234e-03
                         :   19 : lepTm     : 1.602e-03
                         :   20 : lepWdphi  : 4.361e-04
                         : ----------------------------------
Factory                  : Train method: BDT for Classification
                         : 
<WARNING>                : Events with negative event weights are USED during the BDT training. This might cause problems with small node sizes or with the boosting. Please remove negative events from training using the option *IgnoreEventsWithNegWeightsInTraining* in case you observe problems with the boosting
BDT                      : #events: (reweighted) sig: 68000 bkg: 68000
                         : #events: (unweighted) sig: 36000 bkg: 100000
                         : Training 800 Decision Trees ... patience please
                         : Elapsed time for training with 136000 events: 232 sec         
BDT                      : [STHut_j4b2_01] : Evaluation of BDT on training sample (136000 events)
                         : Elapsed time for evaluation of 136000 events: 15 sec       
                         : Creating xml weight file: STHut_j4b2_01/weights/TMVAClassification_BDT.weights.xml
                         : Creating standalone class: STHut_j4b2_01/weights/TMVAClassification_BDT.class.C
Factory                  : Training finished
                         : 
                         : Ranking input variables (method specific)...
BDT                      : Ranking result (top variable is best ranked)
                         : -------------------------------------------
                         : Rank : Variable  : Variable Importance
                         : -------------------------------------------
                         :    1 : jet12pt   : 7.171e-02
                         :    2 : jet12DR   : 6.926e-02
                         :    3 : lepTdphi  : 6.221e-02
                         :    4 : jet0eta   : 6.127e-02
                         :    5 : jet12m    : 5.985e-02
                         :    6 : jet12eta  : 5.797e-02
                         :    7 : jet2eta   : 5.284e-02
                         :    8 : jet1eta   : 5.239e-02
                         :    9 : jet0m     : 5.219e-02
                         :   10 : lepTm     : 4.794e-02
                         :   11 : lepWpt    : 4.762e-02
                         :   12 : lepWdphi  : 4.694e-02
                         :   13 : jet0pt    : 4.669e-02
                         :   14 : jet12dphi : 4.408e-02
                         :   15 : lepWm     : 4.164e-02
                         :   16 : jet2m     : 3.891e-02
                         :   17 : jet1pt    : 3.889e-02
                         :   18 : jet12deta : 3.758e-02
                         :   19 : jet2pt    : 3.742e-02
                         :   20 : jet1m     : 3.259e-02
                         : -------------------------------------------
Factory                  : === Destroy and recreate all methods via weight files for testing ===
                         : 
Factory                  : Test all methods
Factory                  : Test method: BDT for Classification performance
                         : 
BDT                      : [STHut_j4b2_01] : Evaluation of BDT on testing sample (118294 events)
                         : Elapsed time for evaluation of 118294 events: 11.1 sec       
Factory                  : Evaluate all methods
Factory                  : Evaluate classifier: BDT
                         : 
BDT                      : [STHut_j4b2_01] : Loop over test events and fill histograms with classifier response...
                         : 
TFHandler_BDT            :  Variable         Mean         RMS   [        Min         Max ]
                         : ----------------------------------------------------------------
                         :    lepWpt:     105.72     66.555   [    0.21382     930.72 ]
                         :  lepWdphi:  0.0092966     1.6584   [    -3.1416     3.1416 ]
                         :     lepWm:     93.417     47.050   [    0.21472     1110.8 ]
                         :    jet0pt:     63.502     38.142   [     30.000     829.14 ]
                         :   jet0eta:  -0.019191     1.0707   [    -2.3999     2.3997 ]
                         :     jet0m:     9.6429     4.7254   [     1.0937     124.46 ]
                         :    jet1pt:     81.256     49.279   [     30.002     960.48 ]
                         :   jet1eta: -0.0081345     1.0936   [    -2.3999     2.3999 ]
                         :     jet1m:     11.816     6.1776   [     2.0719     172.68 ]
                         :    jet2pt:     79.758     44.638   [     30.002     1021.7 ]
                         :   jet2eta: -0.0080365     1.0311   [    -2.3999     2.3999 ]
                         :     jet2m:     11.326     5.0975   [     2.1549     157.12 ]
                         :   jet12pt:     88.501     51.475   [    0.19916     946.83 ]
                         :  jet12eta:  -0.011497     1.5234   [    -7.0131     7.8711 ]
                         : jet12deta:  0.0010396     1.0952   [    -5.7894     5.8332 ]
                         : jet12dphi:  0.0068680     2.1225   [    -3.1416     3.1415 ]
                         :    jet12m:     166.05     101.12   [     18.649     1756.3 ]
                         :   jet12DR:     2.3696    0.80797   [    0.40059     5.5948 ]
                         :  lepTdphi:  -0.062081     2.0573   [    -3.1416     3.1416 ]
                         :     lepTm:     203.47     95.493   [     33.192     2762.0 ]
                         : ----------------------------------------------------------------
                         : 
                         : Evaluation results ranked by best signal efficiency and purity (area)
                         : -------------------------------------------------------------------------------------------------------------------
                         : DataSet       MVA                       
                         : Name:         Method:          ROC-integ
                         : STHut_j4b2_01 BDT            : 0.720
                         : -------------------------------------------------------------------------------------------------------------------
                         : 
                         : Testing efficiency compared to training efficiency (overtraining check)
                         : -------------------------------------------------------------------------------------------------------------------
                         : DataSet              MVA              Signal efficiency: from test sample (from training sample) 
                         : Name:                Method:          @B=0.01             @B=0.10            @B=0.30   
                         : -------------------------------------------------------------------------------------------------------------------
                         : STHut_j4b2_01        BDT            : 0.109 (0.127)       0.361 (0.381)      0.618 (0.635)
                         : -------------------------------------------------------------------------------------------------------------------
                         : 
Dataset:STHut_j4b2_01    : Created tree 'TestTree' with 118294 events
                         : 
Dataset:STHut_j4b2_01    : Created tree 'TrainTree' with 136000 events
                         : 
Factory                  : Thank you for using TMVA!
                         : For citation information, please visit: http://tmva.sf.net/citeTMVA.html
